XGBoostRegression 
scores:    [0.43932796 0.40803494 0.42573195 0.36577453 0.40028689]XGBoostClassifier 
scores:   [0.70933333 0.696      0.86533333 0.88133333 0.892     ]